2214592512
402653184
1283457024
4220698624
2475720704
2293306004
3011510272
1509949440
4278190080
1682964480
1688894272
1608515584
3421945856
2270234464
2684354560
1610612736
2691966512
2147483648
610144256
2298736384
2905213632
3909091328
3523215360
575668224
972188672
1814355968
4239654912
536870912
1441161216
1216382806
327155712
905732800
2281701376
33898496
989855744
62387200
2401304576
147173632
1073741824
634773248
939524096
62383416
2013265920
3804679680
3829510144
2692743168
3930528080
3332235264
2717908992
2023735296
